Indiv	Respi	Nutri	Temp	Masse
1	7.5909	413.5219	5.23	4.401
2	13.6751	360.468	5.23	4.893
3	10.6508	143.8045	5.23	4.084
4	8.4044	467.1782	5.23	4.087
5	13.8036	364.8478	5.23	5.279
6	5.9273	206.78	5.23	3.967
7	11.0634	289.3292	5.23	5.743
8	7.5642	581.4474	5.23	5.073
9	11.9013	658.2012	5.23	3.837
10	11.5878	228.3808	5.23	6.061
11	10.9254	385.3092	5.23	5.506
12	2.8303	408.3016	5.23	3.702
13	10.0893	370.7583	5.23	4.349
14	7.4843	482.5813	5.23	3.786
15	9.3648	491.0694	5.23	3.429
16	24.8013	517.8123	8.16	5.573
17	22.7252	359.4991	8.16	5.182
18	16.948	656.3221	8.16	4.472
19	25.7439	631.6035	8.16	6.159
20	20.502	550.6755	8.16	3.648
21	16.5846	716.4252	8.16	5.262
22	21.6565	579.7306	8.16	4.685
23	16.811	551.3743	8.16	6.358
24	16.0761	549.5925	8.16	3.274
25	18.7591	764.8377	8.16	3.338
26	19.5819	293.036	8.16	4.339
27	24.872	566.02	8.16	4.751
28	21.3572	444.7544	8.16	4.073
29	17.3519	750.6934	8.16	4.102
30	22.3042	31.5987	8.16	3.321
31	33.4699	598.8383	11.28	5.636
32	26.8325	609.3301	11.28	4.094
33	20.2084	476.1449	11.28	3.236
34	28.6768	678.2015	11.28	4.287
35	28.3463	796.2731	11.28	3.839
36	33.0823	579.3909	11.28	3.652
37	28.026	489.7956	11.28	3.902
38	25.0815	493.1014	11.28	4.2
39	20.8929	294.0561	11.28	3.243
40	36.0169	923.655	11.28	5.825
41	23.2356	493.2037	11.28	3.461
42	15.0609	521.6702	11.28	2.986
43	31.8472	551.9508	11.28	4.151
44	25.533	402.4069	11.28	3.662
45	24.5706	432.7459	11.28	2.737
46	26.314	900.0652	14.38	4.033
47	26.0725	498.4822	14.38	4.016
48	27.5425	880.636	14.38	5.003
49	24.5656	320.7196	14.38	4.046
50	39.2747	1020.7675	14.38	5.087
51	20.5956	602.1539	14.38	3.989
52	17.9906	497.4287	14.38	2.984
53	16.5856	651.0192	14.38	2.923
54	37.8411	1046.0443	14.38	6.613
55	29.237	0	14.38	5.125
56	20.8996	495.9211	14.38	2.968
57	25.3844	577.1306	14.38	3.632
58	34.5998	1021.9014	14.38	4.513
59	32.198	843.7345	14.38	4.515
60	25.3088	892.835	14.38	4.952
61	34.6525	808.4234	17.13	6.374
62	21.7845	729.6196	17.13	3.204
63	31.4299	444.8643	17.13	2.59
64	22.9147	569.6129	17.13	3.253
65	32.9703	555.3564	17.13	3.612
66	41.1909	1088.8775	17.13	5.586
67	32.5851	223.4969	17.13	2.407
68	24.4408	657.8096	17.13	3.092
69	42.9953	869.9248	17.13	3.944
70	41.4335	549.566	17.13	4.173
71	26.9024	159.3378	17.13	2.424
72	32.5094	686.9048	17.13	3.492
73	43.4595	1060.0694	17.13	6.732
74	32.9666	318.1121	17.13	3.027
75	26.7839	628.2905	17.13	2.855
76	43.615	114.3955	20.48	2.943
77	45.3701	804.0978	20.48	3.95
78	50.2309	114.8167	20.48	4.823
79	52.1817	1007.5093	20.48	3.832
80	61.506	810.1908	20.48	4.623
81	73.5598	577.7887	20.48	5.073
82	52.1493	521.1265	20.48	4.056
83	48.7918	675.5659	20.48	4.445
84	48.2674	873.7446	20.48	5.215
85	44.8699	892.5017	20.48	5.188
86	41.1181	606.2199	20.48	3.504
87	54.5513	944.6579	20.48	4.699
88	42.991	988.4377	20.48	4.505
89	54.5034	848.7875	20.48	3.774
90	40.393	759.9989	20.48	4.116
